0.184823
0.721802
0.826690
0.467859
0.275071
0.786669
0.705803
0.810601
0.748257
0.640543
0.624068
0.489680
0.583574
0.649553
0.257983
0.567037
0.679913
0.373564
0.551580
0.586921
0.727143
0.765718
0.597263
0.427859
0.751983
0.721634
0.784937
0.560909
0.309221
0.500664
0.288960
0.311858
0.837575
0.358066
0.101079
0.522872
0.444922
0.529005
0.786743
0.785375
0.707251
0.800228
0.746035
0.732483
0.220761
0.640665
0.667412
0.797856
0.377901
0.687092
0.443157
0.270829
0.641067
0.386570
0.659935
0.703662
0.677974
0.637655
0.482202
0.788823
0.713046
0.630189
0.820823
0.219278
0.705320
0.170902
0.743742
0.641571
0.670614
0.268153
0.190742
0.679790
0.694839
0.142778
0.636254
0.588145
0.581684
0.629970
0.419376
0.281233
0.591920
0.708467
0.710576
0.768839
0.526629
0.554715
0.453535
0.336852
0.138991
0.258161
0.078990
0.663751
0.392422
0.242598
0.441376
0.205075
0.775799
0.667004
0.200376
0.728214
0.076569
0.249939
0.633678
0.337203
0.240787
0.055707
0.319227
0.572985
0.142706
0.118820
0.079074
0.475474
0.500740
0.302227
0.215151
0.270293
0.098953
0.336422
0.327624
0.382499
0.421862
0.206189
0.504838
0.269063
0.182328
0.602956
0.502110
0.547943
0.292501
0.369164
0.193649
0.176923
0.549033
0.434213
0.539364
0.445077
0.364004
0.343926
0.530977
0.264747
0.138214
0.478492
0.474442
0.438114
0.162073
0.350194
0.541376
0.343555
0.457569
0.541957
0.466646
0.386605
0.349498
0.138471
0.568029
0.211649
0.538075
0.542905
0.287318
0.508448
0.147440
0.537100
0.566067
0.595203
0.299841
0.512366
0.485502
0.110928
0.498393
0.594945
0.271932
0.275166
0.287667
0.603296
0.102232
0.300938
0.492996
0.543750
0.372657
0.661287
0.578677
0.285010
0.133850
0.564620
0.543536
0.285958
0.544038
0.464543
0.434220
0.119334
0.072085
0.478496
0.504521
0.225981
0.578444
0.447277
0.261767
0.449034
0.627895
0.305015
0.583495
0.432786
0.500009
0.649617
0.571339
0.579792
0.683693
0.555785
0.629772
0.195322
0.478693
0.492130
0.496298
0.224781
0.351323
0.496499
0.440737
0.463117
0.293680
0.577396
0.239907
0.340582
0.391545
0.351140
0.295473
0.343532
0.323649
0.597470
0.623197
0.540328
0.616136
0.294155
0.271447
0.444937
0.051874
0.369119
0.165757
0.324427
0.200700
0.490418
0.664727
0.463427
0.388872
0.686897
0.658035
0.266447
0.125424
0.236216
0.670323
0.139760
0.376775
0.663380
0.370416
0.327248
0.405699
0.513385
0.215818
0.101150
0.065869
0.407134
0.320167
0.544072
0.488656
0.543013
0.239078
0.552551
0.340559
0.455121
0.189660
0.425914
0.531296
0.235338
0.707931
0.261891
0.503238
0.539693
0.200401
0.133150
0.680895
0.675968
0.342471
0.394369
0.292481
0.399099
0.481545
0.642270
0.671472
0.592241
0.423203
0.523812
0.479619
0.180866
0.292879
0.400331
0.217205
0.197977
0.181413
0.349868
0.570688
0.441513
0.886976
0.497315
0.882884
0.711102
0.562946
0.591419
0.752524
0.675006
0.753108
0.357663
0.869938
0.635065
0.670428
0.877773
0.569332
0.811678
0.928238
0.624044
0.927755
0.512699
0.848230
0.620793
0.899713
0.603212
0.702556
0.713713
0.206172
0.683907
0.520712
0.342047
0.900091
0.829973
0.589903
0.533231
0.714386
0.754971
0.621169
0.312410
0.122329
0.728642
0.934901
0.878448
0.449776
0.274923
0.549261
0.555332
0.672745
0.311038
0.631814
0.558426
0.348512
0.721911
0.781277
0.300671
0.481816
0.499526
0.664230
0.742928
0.584446
0.505894
0.302822
0.515982
0.584071
0.294669
0.880287
0.133677
0.316821
0.789691
0.815815
0.703928
0.756712
0.521517
0.545871
0.529385
0.221878
0.531845
0.579589
0.670293
0.415129
0.261770
0.420053
0.870637
0.751541
0.220490
0.659924
0.632808
0.485268
0.765657
0.497350
0.147841
0.404279
0.785473
0.818475
0.150867
0.105513
0.481737
0.722037
0.434386
0.827464
0.694604
0.953896
0.990295
0.741466
0.990941
0.989091
0.957171
0.992348
0.998467
0.957510
0.958602
0.987256
0.993561
0.972538
0.996324
0.962720
0.994456
0.964501
0.993429
0.965451
0.995985
0.971459
0.988568
0.806273
0.996063
0.998083
0.944312
0.752112
0.981619
0.850665
0.948172
0.982762
0.990174
0.998471
0.991049
0.996412
0.996613
0.990214
0.996926
0.981454
0.988733
0.965345
0.980652
0.998886
0.990350
0.964746
0.969773
0.999393
0.989451
0.904178
0.925103
0.998680
0.995432
0.970837
0.958887
0.986685
0.883766
0.996652
0.993235
0.702546
0.949594
0.980647
0.987677
0.985386
0.992376
0.994949
0.998563
0.991853
0.997724
0.967307
0.997518
0.939159
0.944539
0.939602
0.984705
0.974879
0.979875
0.930224
0.969617
0.994961
0.996474
0.993637
0.922725
0.997396
0.953822
0.946419
0.977591
0.935941
0.993335
0.992551
0.998783
0.995323
0.998270
0.993986
0.997618
0.996991
0.969651
0.997618
0.952034
0.947442
0.996582
0.376683
0.390279
0.237698
0.332937
0.561218
0.460279
0.607730
0.599619
0.494724
0.300299
0.656527
0.162151
0.086709
0.389754
0.457261
0.492246
0.326066
0.505799
0.556199
0.502554
0.380012
0.731076
0.554967
0.528418
0.618066
0.460145
0.518199
0.486401
0.375769
0.692464
0.487522
0.489014
0.383723
0.404045
0.504385
0.481965
0.561766
0.440201
0.617029
0.181555
0.537151
0.154010
0.611514
0.448097
0.597419
0.369822
0.493610
0.570841
0.598884
0.364130
0.536112
0.433234
0.500523
0.626447
0.311732
0.385318
0.477819
0.272049
0.482565
0.283135
0.559775
0.592513
0.449297
0.505658
0.720361
0.160604
0.338934
0.300162
0.154185
0.271395
0.301166
0.413066
0.431413
0.430424
0.390914
0.253056
0.464452
0.597245
0.562055
0.532308
0.592368
0.409631
0.318035
0.272889
0.288266
0.312435
0.304546
0.453449
0.490732
0.329131
0.162732
0.290623
0.413461
0.283056
0.527992
0.313852
0.316860
0.471905
0.084662
0.273673
0.827238
0.759810
0.832019
0.897664
0.365294
0.585189
0.711558
0.609063
0.836722
0.742263
0.848328
0.451801
0.694722
0.789468
0.779493
0.608562
0.846578
0.632956
0.906301
0.713766
0.855575
0.851841
0.503323
0.576246
0.865884
0.350723
0.877914
0.310652
0.789631
0.899613
0.875528
0.700244
0.698288
0.815825
0.845415
0.834606
0.715040
0.921937
0.650050
0.918292
0.829715
0.833068
0.318211
0.853889
0.777794
0.843669
0.231615
0.459051
0.731829
0.792403
0.902657
0.378424
0.742777
0.774626
0.642632
0.765878
0.265870
0.832254
0.520816
0.835318
0.820185
0.710989
0.862688
0.884630
0.741883
0.754593
0.618032
0.826896
0.729867
0.830738
0.438036
0.641605
0.623927
0.822176
0.852630
0.624191
0.125493
0.603585
0.829904
0.547086
0.297746
0.456847
0.473486
0.127208
0.297870
0.309791
0.154159
0.650732
0.863791
0.107116
0.413354
0.118781
0.296986
0.711953
0.181685
0.655791
0.689217
0.773235
0.329195
0.714432
0.855628
0.977200
0.972890
0.754029
0.887519
0.962555
0.872006
0.901029
0.944844
0.368111
0.914860
0.919002
0.945956
0.875074
0.844953
0.770840
0.739094
0.787844
0.968360
0.792230
0.808330
0.936573
0.967736
0.769959
0.787781
0.930907
0.915494
0.950325
0.965134
0.938541
0.849155
0.944765
0.955147
0.950330
0.940464
0.960035
0.948349
0.964380
0.959899
0.968313
0.925213
0.945806
0.966214
0.968756
0.862702
0.969509
0.945070
0.918433
0.952223
0.970070
0.955216
0.925732
0.970090
0.870405
0.953830
0.763989
0.774784
0.951048
0.968953
0.877466
0.960744
0.948377
0.954457
0.974916
0.931690
0.938932
0.970524
0.971164
0.967791
0.946946
0.977115
0.761748
0.982191
0.966963
0.955513
0.972698
0.950560
0.916133
0.958971
0.929419
0.963908
0.916580
0.972580
0.969124
0.886524
0.949746
0.923624
0.821634
0.955081
0.965512
0.912979
0.978799
0.898592
0.913203
0.948921
0.974983
0.949753
0.949510
0.837282
0.981867
0.664926
0.632854
0.250824
0.486000
0.400040
0.424582
0.311272
0.289291
0.526003
0.601112
0.197870
0.345153
0.223866
0.155736
0.605610
0.139307
0.469186
0.133753
0.588162
0.552151
0.692174
0.427363
0.676272
0.263098
0.262203
0.653356
0.466672
0.395081
0.405259
0.716064
0.419039
0.488677
0.627650
0.591076
0.465065
0.431528
0.435142
0.569609
0.301213
0.247269
0.661745
0.327079
0.685430
0.626963
0.482809
0.288300
0.484520
0.203103
0.528335
0.523563
0.597765
0.383782
0.675738
0.247470
0.519772
0.287618
0.137309
0.695455
0.523945
0.585529
0.185764
0.102648
0.196459
0.502419
0.180897
0.183835
0.361982
0.103798
0.418369
0.346682
0.518374
0.302484
0.075623
0.555663
0.123444
0.331173
0.405135
0.390913
0.584264
0.281613
0.582218
0.474523
0.456381
0.064715
0.665097
0.341314
0.175309
0.115421
0.056785
0.201282
0.639711
0.480821
0.373543
0.197304
0.445924
0.312276
0.089484
0.313747
0.277095
0.661554
0.531306
0.076351
0.663791
0.129298
0.085414
0.729076
0.598627
0.487052
0.507306
0.614818
0.177496
0.412570
0.502958
0.148666
0.711514
0.283831
0.203732
0.504658
0.495769
0.560252
0.612242
0.406365
0.724787
0.239531
0.511956
0.537440
0.342464
0.552983
0.474148
0.580495
0.310800
0.772488
0.633683
0.682349
0.711581
0.575462
0.546329
0.742534
0.686058
0.759993
0.606114
0.454760
0.669724
0.438882
0.616019
0.566567
0.701660
0.310382
0.509995
0.558818
0.558297
0.212948
0.205699
0.664013
0.578746
0.708283
0.450344
0.550158
0.691900
0.595039
0.357675
0.340816
0.702521
0.770982
0.660355
0.299199
0.344731
0.706655
0.498745
0.160131
0.333204
0.329889
0.238938
0.569235
0.577076
0.460825
0.321877
0.669874
0.205668
0.463940
0.384637
0.687115
0.474179
0.317207
0.663326
0.311981
0.488844
0.541038
0.540690
0.674707
0.525307
0.368184
0.447246
0.280697
0.641307
0.053727
0.241115
0.079031
0.168898
0.059494
