0.137265
0.700016
0.789595
0.664929
0.161170
0.768521
0.614071
0.757306
0.699832
0.723236
0.648550
0.618935
0.554419
0.656439
0.195246
0.488959
0.613865
0.315239
0.664648
0.670476
0.741858
0.665769
0.735990
0.557743
0.750342
0.761727
0.711277
0.691854
0.184669
0.493376
0.149473
0.218953
0.792804
0.184446
0.085942
0.488053
0.499084
0.533221
0.779043
0.767838
0.780234
0.827041
0.696824
0.802221
0.171617
0.785016
0.758964
0.819942
0.133386
0.668348
0.464440
0.179669
0.741312
0.403621
0.639037
0.696601
0.641846
0.661777
0.574121
0.713908
0.715425
0.765797
0.729632
0.150334
0.735816
0.188773
0.695445
0.643336
0.788689
0.388383
0.081054
0.753660
0.629406
0.172884
0.526527
0.698141
0.599685
0.679953
0.644693
0.296817
0.619083
0.810677
0.681714
0.782997
0.304828
0.572727
0.495798
0.253676
0.105485
0.166719
0.065411
0.730886
0.581806
0.108729
0.475205
0.115147
0.790615
0.773797
0.218133
0.763585
0.406538
0.291385
0.507789
0.225912
0.222365
0.242567
0.299088
0.572342
0.132166
0.122191
0.101933
0.379350
0.293518
0.245668
0.230225
0.121896
0.085923
0.350503
0.257984
0.412828
0.308967
0.267267
0.343516
0.206188
0.142764
0.477970
0.384804
0.400299
0.252013
0.275890
0.172950
0.163608
0.426952
0.351486
0.397166
0.293345
0.300794
0.263713
0.360339
0.236164
0.177251
0.449463
0.458336
0.334452
0.193747
0.180646
0.344868
0.180059
0.269982
0.333537
0.280812
0.337112
0.266089
0.071161
0.328994
0.090563
0.366526
0.386280
0.286833
0.351693
0.158268
0.286083
0.357357
0.537301
0.207589
0.378276
0.384621
0.211165
0.354889
0.433735
0.119225
0.221475
0.240185
0.485395
0.069741
0.238895
0.389066
0.365423
0.269790
0.491575
0.442558
0.316404
0.083680
0.497039
0.399085
0.295877
0.378230
0.377369
0.298128
0.215638
0.053884
0.325566
0.291411
0.258312
0.452579
0.272318
0.218320
0.358898
0.548570
0.227337
0.528829
0.266297
0.317341
0.550327
0.515711
0.440744
0.616978
0.518303
0.558354
0.111491
0.402917
0.426165
0.495527
0.198370
0.193679
0.410213
0.474419
0.434866
0.306325
0.469379
0.147747
0.330174
0.289673
0.128448
0.234316
0.298740
0.250831
0.517771
0.544616
0.462805
0.512594
0.314730
0.133430
0.430207
0.051874
0.364015
0.334535
0.384694
0.266424
0.396200
0.572676
0.432929
0.344056
0.597635
0.521948
0.382552
0.096632
0.081901
0.455374
0.202353
0.295855
0.610292
0.147293
0.183206
0.424453
0.570235
0.200912
0.082410
0.131501
0.438897
0.355296
0.490060
0.472395
0.495338
0.187562
0.494770
0.455932
0.508075
0.239092
0.355097
0.390259
0.340897
0.538679
0.204396
0.366728
0.467052
0.085360
0.112019
0.541770
0.487941
0.223478
0.301085
0.295428
0.365561
0.478078
0.649897
0.632391
0.597750
0.330537
0.467389
0.385040
0.246040
0.259383
0.329193
0.175651
0.101728
0.125402
0.421691
0.483488
0.302642
0.822441
0.237084
0.747063
0.670242
0.599518
0.455979
0.749079
0.318258
0.528967
0.313169
0.792626
0.693256
0.373044
0.801480
0.488255
0.592937
0.856131
0.554580
0.851458
0.551410
0.757425
0.487636
0.774842
0.222207
0.414949
0.543266
0.054602
0.382663
0.544848
0.117911
0.737089
0.801161
0.391078
0.309485
0.791022
0.625835
0.539415
0.305875
0.186991
0.510907
0.725182
0.669821
0.165706
0.498157
0.761699
0.342707
0.584801
0.333176
0.551467
0.412596
0.244333
0.382563
0.686307
0.207471
0.565389
0.441093
0.327658
0.755886
0.628101
0.520551
0.080295
0.626269
0.398497
0.188094
0.820714
0.395490
0.131787
0.610780
0.741723
0.523891
0.763162
0.608323
0.185890
0.275257
0.097395
0.469942
0.520813
0.612505
0.367361
0.147973
0.202545
0.771723
0.637397
0.160303
0.506079
0.641011
0.166662
0.416927
0.382337
0.067562
0.185579
0.496974
0.573674
0.138582
0.069766
0.578081
0.574555
0.212410
0.361931
0.590980
0.637020
0.584688
0.344709
0.785822
0.835409
0.703402
0.643684
0.838508
0.772282
0.570080
0.588175
0.760854
0.714334
0.794988
0.678255
0.748819
0.603611
0.690963
0.591582
0.836706
0.570653
0.650226
0.562227
0.814609
0.868496
0.480650
0.216407
0.682527
0.346657
0.555281
0.596473
0.882755
0.899203
0.773740
0.839052
0.778746
0.777826
0.826309
0.639509
0.721147
0.883479
0.667026
0.836709
0.599965
0.587464
0.730503
0.819275
0.692316
0.515945
0.499332
0.862858
0.799337
0.511036
0.506464
0.768911
0.462274
0.729746
0.689005
0.303792
0.340817
0.641758
0.685020
0.717739
0.705390
0.758332
0.796967
0.652769
0.865045
0.507192
0.891967
0.614138
0.205759
0.517990
0.880844
0.588396
0.521537
0.560218
0.570527
0.868732
0.812644
0.874688
0.478356
0.778704
0.429124
0.552708
0.454026
0.547253
0.807151
0.646324
0.865288
0.817884
0.805654
0.813563
0.757312
0.824457
0.602553
0.889385
0.552619
0.561898
0.761352
0.237406
0.338535
0.223344
0.336478
0.487581
0.198482
0.508195
0.446945
0.342173
0.303140
0.590386
0.088034
0.053608
0.277963
0.354602
0.432064
0.222481
0.439550
0.397915
0.460771
0.326785
0.547217
0.481940
0.347038
0.481552
0.461476
0.397333
0.326867
0.290956
0.578913
0.432534
0.355313
0.238276
0.365575
0.470824
0.351885
0.512128
0.451155
0.533087
0.168034
0.359421
0.132508
0.503621
0.286605
0.427319
0.267921
0.401952
0.476957
0.468276
0.236743
0.460720
0.381817
0.319430
0.520919
0.180551
0.389578
0.292719
0.126648
0.387428
0.282684
0.481860
0.390510
0.383220
0.495787
0.569186
0.135432
0.280797
0.294091
0.110288
0.212535
0.261785
0.261557
0.343092
0.265310
0.309266
0.135183
0.405505
0.502009
0.513707
0.412229
0.434609
0.372105
0.237444
0.159806
0.260052
0.289508
0.304764
0.405314
0.422279
0.247496
0.241419
0.218720
0.326248
0.275983
0.441257
0.263561
0.298277
0.393377
0.112227
0.253842
0.492932
0.868553
0.819031
0.899870
0.334612
0.334665
0.786067
0.647991
0.882219
0.416690
0.904705
0.269488
0.821847
0.837496
0.787782
0.424393
0.873735
0.435270
0.902225
0.760646
0.902271
0.877121
0.396008
0.377458
0.909589
0.262696
0.869928
0.165907
0.465884
0.894499
0.860473
0.411090
0.746948
0.375560
0.847616
0.854621
0.286572
0.911303
0.641847
0.908293
0.864112
0.482644
0.279141
0.825672
0.439810
0.888249
0.438286
0.373815
0.785107
0.828122
0.904882
0.541947
0.791637
0.431051
0.841197
0.810928
0.106983
0.720302
0.383738
0.878368
0.835389
0.745435
0.900819
0.894980
0.780152
0.839994
0.529788
0.889080
0.517718
0.821129
0.341551
0.700425
0.315948
0.842008
0.897148
0.423516
0.139729
0.208146
0.807444
0.401574
0.395501
0.126232
0.099782
0.418172
0.181507
0.244765
0.077615
0.638983
0.897126
0.200201
0.501769
0.215174
0.146435
0.840728
0.224400
0.822247
0.639809
0.858451
0.263999
0.739208
0.937908
0.974632
0.973318
0.890205
0.788604
0.974135
0.909155
0.956091
0.977837
0.553502
0.867910
0.974553
0.970887
0.966822
0.620282
0.443386
0.786437
0.644995
0.968502
0.907022
0.932953
0.965837
0.978567
0.828137
0.569277
0.943779
0.918712
0.980414
0.972672
0.878865
0.703196
0.981292
0.955818
0.964219
0.875446
0.970191
0.888083
0.913556
0.978949
0.977319
0.975896
0.976318
0.973467
0.978318
0.649240
0.970874
0.977196
0.788938
0.981435
0.977986
0.976708
0.953553
0.964947
0.908127
0.948140
0.919131
0.902731
0.972591
0.974272
0.965726
0.981207
0.962807
0.971800
0.968306
0.957648
0.975377
0.977287
0.964793
0.978335
0.966227
0.981739
0.958710
0.976002
0.939234
0.975293
0.970310
0.969073
0.950552
0.982871
0.968296
0.976554
0.969423
0.977770
0.953561
0.973193
0.931090
0.969849
0.667752
0.970381
0.980895
0.822978
0.975784
0.977684
0.948209
0.952826
0.970823
0.957025
0.978348
0.973610
0.981275
0.618683
0.545154
0.243634
0.620941
0.580454
0.458936
0.428379
0.340905
0.556726
0.643265
0.282598
0.549233
0.359904
0.124997
0.561141
0.115020
0.419375
0.106582
0.630579
0.651409
0.606694
0.453821
0.661227
0.360581
0.338359
0.657769
0.282329
0.370566
0.378295
0.699768
0.496677
0.598732
0.630255
0.675611
0.563055
0.377876
0.488094
0.645144
0.216162
0.561467
0.644629
0.387212
0.682508
0.638964
0.649220
0.269298
0.625058
0.122070
0.610919
0.632970
0.641868
0.212272
0.677874
0.206655
0.582641
0.307693
0.209292
0.698872
0.697715
0.649344
0.166468
0.087252
0.155358
0.373142
0.204376
0.124024
0.405500
0.088193
0.245055
0.361231
0.609849
0.542646
0.062902
0.469296
0.123901
0.585378
0.579802
0.357646
0.681471
0.384874
0.661834
0.660971
0.540743
0.069889
0.703409
0.273268
0.105731
0.081330
0.051874
0.249521
0.709270
0.581412
0.408385
0.284166
0.611180
0.342830
0.116724
0.282896
0.347537
0.595538
0.622537
0.054218
0.614952
0.088748
0.051874
0.728975
0.397407
0.398928
0.363725
0.636076
0.067058
0.177755
0.658859
0.222355
0.684191
0.317119
0.173804
0.493454
0.399756
0.481817
0.506985
0.316211
0.649418
0.134906
0.384671
0.451382
0.153946
0.433815
0.261636
0.366763
0.212163
0.766922
0.665735
0.487491
0.679365
0.592042
0.402548
0.682081
0.686115
0.721770
0.572939
0.539432
0.581835
0.302915
0.687953
0.501190
0.691419
0.348757
0.204696
0.446198
0.493861
0.140317
0.135597
0.660043
0.286025
0.612886
0.237104
0.618114
0.581012
0.583094
0.472954
0.521446
0.685410
0.786955
0.553535
0.171295
0.235113
0.740115
0.635058
0.080045
0.110268
0.280332
0.281739
0.505127
0.355933
0.450357
0.336141
0.683342
0.170345
0.326022
0.387417
0.602920
0.219050
0.150800
0.702271
0.413267
0.416703
0.583753
0.564629
0.619232
0.463621
0.240726
0.393161
0.248505
0.556251
0.051874
0.311632
0.080557
0.164253
0.075982
